bulge = False
 
best = {23.421`5., {a0 -> 1.0242`5.*^-13, YD -> 0.65795`5., df2 -> 0.8`5.}}
 
Chi2red = 2.6023`5.
 
VobsExp = {{{2.8`5., 102.`5.}, EB[7.]}, {{4.192`5., 125.`5.}, EB[6.1]}, 
     {{5.584`5., 145.`5.}, EB[4.9]}, {{6.976`5., 164.`5.}, EB[3.9]}, 
     {{8.376`5., 162.`5.}, EB[4.8]}, {{9.752`5., 160.`5.}, EB[4.8]}, 
     {{11.152`5., 156.`5.}, EB[4.8]}, {{12.824`5., 146.`5.}, EB[4.85]}, 
     {{17.84`5., 158.`5.}, EB[4.9]}, {{22.016`5., 168.`5.}, EB[10.6]}, 
     {{24.064`5., 169.`5.}, EB[10.6]}, {{26.016`5., 167.`5.}, EB[15.2]}}
 
Vgasplot = {{2.8`5., -9.9301`5.*^-17}, {4.192`5., 0.}, {5.584`5., 7.8352`5.}, 
     {6.976`5., 21.305`5.}, {8.376`5., 27.852`5.}, {9.752`5., 33.353`5.}, 
     {11.152`5., 41.546`5.}, {12.824`5., 47.521`5.}, {17.84`5., 43.085`5.}, 
     {22.016`5., 38.165`5.}, {24.064`5., 36.242`5.}, {26.016`5., 34.892`5.}}
 
Vdiskplot = {{2.8`5., 100.29`5.}, {4.192`5., 118.98`5.}, 
     {5.584`5., 129.1`5.}, {6.976`5., 132.56`5.}, {8.376`5., 126.01`5.}, 
     {9.752`5., 120.73`5.}, {11.152`5., 115.65`5.}, {12.824`5., 107.38`5.}, 
     {17.84`5., 90.115`5.}, {22.016`5., 79.443`5.}, {24.064`5., 75.423`5.}, 
     {26.016`5., 72.21`5.}}
 
Vbulgeplot = {{2.8`5., 0}, {4.192`5., 0}, {5.584`5., 0}, {6.976`5., 0}, 
     {8.376`5., 0}, {9.752`5., 0}, {11.152`5., 0}, {12.824`5., 0}, 
     {17.84`5., 0}, {22.016`5., 0}, {24.064`5., 0}, {26.016`5., 0}}
 
VmodelVec = {111.21`5., 132.99`5., 146.98`5., 155.98`5., 156.56`5., 
     157.92`5., 160.18`5., 160.4`5., 157.44`5., 154.61`5., 153.67`5., 
     153.13`5.}
 
Chi2 = 0.004328254847645429*(-167. + 0.8408964152537145*
         Sqrt[Abs[Sqrt[1 + Sqrt[1 + (4.027753713896268*^36*a0^2*df2^2)/
                 (1521.7801*Sqrt[df2]*Sqrt[Abs[df2]] + 9906.2209*Sqrt[df2*YD]*
                    Sqrt[Abs[df2*YD]])^2]]*(1521.7801*Sqrt[df2]*
              Sqrt[Abs[df2]] + 9906.2209*Sqrt[df2*YD]*Sqrt[Abs[df2*YD]])]]*
         Sign[Sqrt[1 + Sqrt[1 + (4.027753713896268*^36*a0^2*df2^2)/
                (1521.7801*Sqrt[df2]*Sqrt[Abs[df2]] + 9906.2209*Sqrt[df2*YD]*
                   Sqrt[Abs[df2*YD]])^2]]*(1521.7801*Sqrt[df2]*
             Sqrt[Abs[df2]] + 9906.2209*Sqrt[df2*YD]*Sqrt[Abs[df2*YD]])])^2 + 
     0.0088999644001424*(-169. + 0.8408964152537145*
         Sqrt[Abs[Sqrt[1 + Sqrt[1 + (3.4460176441303517*^36*a0^2*df2^2)/
                 (1641.870400000001*Sqrt[df2]*Sqrt[Abs[df2]] + 
                   10807.681599999996*Sqrt[df2*YD]*Sqrt[Abs[df2*YD]])^2]]*
            (1641.870400000001*Sqrt[df2]*Sqrt[Abs[df2]] + 10807.681599999996*
              Sqrt[df2*YD]*Sqrt[Abs[df2*YD]])]]*
         Sign[Sqrt[1 + Sqrt[1 + (3.4460176441303517*^36*a0^2*df2^2)/
                (1641.870400000001*Sqrt[df2]*Sqrt[Abs[df2]] + 
                  10807.681599999996*Sqrt[df2*YD]*Sqrt[Abs[df2*YD]])^2]]*
           (1641.870400000001*Sqrt[df2]*Sqrt[Abs[df2]] + 10807.681599999996*
             Sqrt[df2*YD]*Sqrt[Abs[df2*YD]])])^2 + 
     0.0088999644001424*(-168. + 0.8408964152537145*
         Sqrt[Abs[Sqrt[1 + Sqrt[1 + (2.8844212874590405*^36*a0^2*df2^2)/
                 (1820.7289*Sqrt[df2]*Sqrt[Abs[df2]] + 11990.25*Sqrt[df2*YD]*
                    Sqrt[Abs[df2*YD]])^2]]*(1820.7289*Sqrt[df2]*
              Sqrt[Abs[df2]] + 11990.25*Sqrt[df2*YD]*Sqrt[Abs[df2*YD]])]]*
         Sign[Sqrt[1 + Sqrt[1 + (2.8844212874590405*^36*a0^2*df2^2)/
                (1820.7289*Sqrt[df2]*Sqrt[Abs[df2]] + 11990.25*Sqrt[df2*YD]*
                   Sqrt[Abs[df2*YD]])^2]]*(1820.7289*Sqrt[df2]*
             Sqrt[Abs[df2]] + 11990.25*Sqrt[df2*YD]*Sqrt[Abs[df2*YD]])])^2 + 
     0.041649312786339016*(-158. + 0.8408964152537145*
         Sqrt[Abs[Sqrt[1 + Sqrt[1 + (1.8939632989439317*^36*a0^2*df2^2)/
                 (2320.3489*Sqrt[df2]*Sqrt[Abs[df2]] + 15428.124099999999*
                    Sqrt[df2*YD]*Sqrt[Abs[df2*YD]])^2]]*
            (2320.3489*Sqrt[df2]*Sqrt[Abs[df2]] + 15428.124099999999*
              Sqrt[df2*YD]*Sqrt[Abs[df2*YD]])]]*
         Sign[Sqrt[1 + Sqrt[1 + (1.8939632989439317*^36*a0^2*df2^2)/
                (2320.3489*Sqrt[df2]*Sqrt[Abs[df2]] + 15428.124099999999*
                   Sqrt[df2*YD]*Sqrt[Abs[df2*YD]])^2]]*
           (2320.3489*Sqrt[df2]*Sqrt[Abs[df2]] + 15428.124099999999*
             Sqrt[df2*YD]*Sqrt[Abs[df2*YD]])])^2 + 
     0.02040816326530612*(-102. + 0.8408964152537145*
         Sqrt[Abs[Sqrt[1 + Sqrt[1 + (4.665497076567629*^34*a0^2*df2^2)/
                 (1.232595164407831*^-32*Sqrt[df2]*Sqrt[Abs[df2]] + 
                   19107.5329*Sqrt[df2*YD]*Sqrt[Abs[df2*YD]])^2]]*
            (1.232595164407831*^-32*Sqrt[df2]*Sqrt[Abs[df2]] + 
             19107.5329*Sqrt[df2*YD]*Sqrt[Abs[df2*YD]])]]*
         Sign[Sqrt[1 + Sqrt[1 + (4.665497076567629*^34*a0^2*df2^2)/
                (1.232595164407831*^-32*Sqrt[df2]*Sqrt[Abs[df2]] + 
                  19107.5329*Sqrt[df2*YD]*Sqrt[Abs[df2*YD]])^2]]*
           (1.232595164407831*^-32*Sqrt[df2]*Sqrt[Abs[df2]] + 
            19107.5329*Sqrt[df2*YD]*Sqrt[Abs[df2*YD]])])^2 + 
     0.042512488043362745*(-146. + 0.8408964152537145*
         Sqrt[Abs[Sqrt[1 + Sqrt[1 + (9.786533287691323*^35*a0^2*df2^2)/
                 (2822.7969000000003*Sqrt[df2]*Sqrt[Abs[df2]] + 
                   21906.96009999999*Sqrt[df2*YD]*Sqrt[Abs[df2*YD]])^2]]*
            (2822.7969000000003*Sqrt[df2]*Sqrt[Abs[df2]] + 21906.96009999999*
              Sqrt[df2*YD]*Sqrt[Abs[df2*YD]])]]*
         Sign[Sqrt[1 + Sqrt[1 + (9.786533287691323*^35*a0^2*df2^2)/
                (2822.7969000000003*Sqrt[df2]*Sqrt[Abs[df2]] + 
                  21906.96009999999*Sqrt[df2*YD]*Sqrt[Abs[df2*YD]])^2]]*
           (2822.7969000000003*Sqrt[df2]*Sqrt[Abs[df2]] + 21906.96009999999*
             Sqrt[df2*YD]*Sqrt[Abs[df2*YD]])])^2 + 
     0.04340277777777778*(-156. + 0.8408964152537145*
         Sqrt[Abs[Sqrt[1 + Sqrt[1 + (7.400948471086509*^35*a0^2*df2^2)/
                 (2157.602500000001*Sqrt[df2]*Sqrt[Abs[df2]] + 
                   25411.548100000007*Sqrt[df2*YD]*Sqrt[Abs[df2*YD]])^2]]*
            (2157.602500000001*Sqrt[df2]*Sqrt[Abs[df2]] + 25411.548100000007*
              Sqrt[df2*YD]*Sqrt[Abs[df2*YD]])]]*
         Sign[Sqrt[1 + Sqrt[1 + (7.400948471086509*^35*a0^2*df2^2)/
                (2157.602500000001*Sqrt[df2]*Sqrt[Abs[df2]] + 
                  25411.548100000007*Sqrt[df2*YD]*Sqrt[Abs[df2*YD]])^2]]*
           (2157.602500000001*Sqrt[df2]*Sqrt[Abs[df2]] + 25411.548100000007*
             Sqrt[df2*YD]*Sqrt[Abs[df2*YD]])])^2 + 
     0.04340277777777778*(-160. + 0.8408964152537145*
         Sqrt[Abs[Sqrt[1 + Sqrt[1 + (5.659385062362049*^35*a0^2*df2^2)/
                 (1390.5440999999998*Sqrt[df2]*Sqrt[Abs[df2]] + 
                   27692.28809999999*Sqrt[df2*YD]*Sqrt[Abs[df2*YD]])^2]]*
            (1390.5440999999998*Sqrt[df2]*Sqrt[Abs[df2]] + 27692.28809999999*
              Sqrt[df2*YD]*Sqrt[Abs[df2*YD]])]]*
         Sign[Sqrt[1 + Sqrt[1 + (5.659385062362049*^35*a0^2*df2^2)/
                (1390.5440999999998*Sqrt[df2]*Sqrt[Abs[df2]] + 
                  27692.28809999999*Sqrt[df2*YD]*Sqrt[Abs[df2*YD]])^2]]*
           (1390.5440999999998*Sqrt[df2]*Sqrt[Abs[df2]] + 27692.28809999999*
             Sqrt[df2*YD]*Sqrt[Abs[df2*YD]])])^2 + 
     0.04340277777777778*(-162. + 0.8408964152537145*
         Sqrt[Abs[Sqrt[1 + Sqrt[1 + (4.174987661067041*^35*a0^2*df2^2)/
                 (969.6995999999998*Sqrt[df2]*Sqrt[Abs[df2]] + 
                   30164.742399999992*Sqrt[df2*YD]*Sqrt[Abs[df2*YD]])^2]]*
            (969.6995999999998*Sqrt[df2]*Sqrt[Abs[df2]] + 30164.742399999992*
              Sqrt[df2*YD]*Sqrt[Abs[df2*YD]])]]*
         Sign[Sqrt[1 + Sqrt[1 + (4.174987661067041*^35*a0^2*df2^2)/
                (969.6995999999998*Sqrt[df2]*Sqrt[Abs[df2]] + 
                  30164.742399999992*Sqrt[df2*YD]*Sqrt[Abs[df2*YD]])^2]]*
           (969.6995999999998*Sqrt[df2]*Sqrt[Abs[df2]] + 30164.742399999992*
             Sqrt[df2*YD]*Sqrt[Abs[df2*YD]])])^2 + 0.041649312786339016*
      (-145. + 0.8408964152537145*
         Sqrt[Abs[Sqrt[1 + Sqrt[1 + (1.8555500715853513*^35*a0^2*df2^2)/
