bulge = False
 
best = {7.5872`5., {a0 -> 1.6193`5.*^-13, YD -> 0.47701`5., df2 -> 1.2`5.}}
 
Chi2red = 0.19966`5.
 
VobsExp = {{{0.612`5., 143.`5.}, EB[33.1]}, {{0.828`5., 160.`5.}, EB[15.]}, 
     {{1.032`5., 178.`5.}, EB[7.92]}, {{1.236`5., 188.`5.}, EB[8.01]}, 
     {{1.44`5., 187.`5.}, EB[8.03]}, {{1.656`5., 195.`5.}, EB[5.6]}, 
     {{1.86`5., 199.`5.}, EB[7.52]}, {{2.052`5., 203.`5.}, EB[6.87]}, 
     {{2.268`5., 206.`5.}, EB[9.22]}, {{2.472`5., 211.`5.}, EB[12.]}, 
     {{2.676`5., 219.`5.}, EB[13.3]}, {{2.892`5., 216.`5.}, EB[9.9]}, 
     {{3.096`5., 214.`5.}, EB[10.5]}, {{3.3`5., 213.`5.}, EB[8.39]}, 
     {{3.504`5., 210.`5.}, EB[13.3]}, {{3.708`5., 214.`5.}, EB[6.67]}, 
     {{3.912`5., 213.`5.}, EB[9.98]}, {{4.116`5., 212.`5.}, EB[11.2]}, 
     {{4.332`5., 215.`5.}, EB[9.11]}, {{4.536`5., 217.`5.}, EB[10.1]}, 
     {{4.74`5., 219.`5.}, EB[8.05]}, {{4.944`5., 220.`5.}, EB[8.29]}, 
     {{5.148`5., 218.`5.}, EB[8.42]}, {{5.352`5., 220.`5.}, EB[9.71]}, 
     {{5.568`5., 220.`5.}, EB[20.1]}, {{5.772`5., 216.`5.}, EB[23.5]}, 
     {{5.976`5., 220.`5.}, EB[14.6]}, {{6.18`5., 218.`5.}, EB[12.2]}, 
     {{6.384`5., 213.`5.}, EB[23.1]}, {{6.588`5., 215.`5.}, EB[21.2]}, 
     {{6.804`5., 216.`5.}, EB[18.3]}, {{7.008`5., 208.`5.}, EB[31.7]}, 
     {{7.212`5., 212.`5.}, EB[25.3]}, {{7.428`5., 213.`5.}, EB[23.8]}, 
     {{7.62`5., 216.`5.}, EB[19.6]}, {{7.968`5., 210.`5.}, EB[25.]}, 
     {{10.584`5., 210.`5.}, EB[10.7]}, {{13.284`5., 210.`5.}, EB[10.7]}, 
     {{15.984`5., 206.`5.}, EB[6.25]}, {{18.588`5., 206.`5.}, EB[6.25]}, 
     {{21.288`5., 206.`5.}, EB[10.7]}}
 
Vgasplot = {{0.612`5., -4.097`5.}, {0.828`5., -5.4334`5.}, 
     {1.032`5., -6.7918`5.}, {1.236`5., -8.0953`5.}, {1.44`5., -9.2675`5.}, 
     {1.656`5., -10.023`5.}, {1.86`5., -10.494`5.}, {2.052`5., -10.702`5.}, 
     {2.268`5., -10.9`5.}, {2.472`5., -10.9`5.}, {2.676`5., -10.9`5.}, 
     {2.892`5., -11.108`5.}, {3.096`5., -11.612`5.}, {3.3`5., -12.225`5.}, 
     {3.504`5., -12.63`5.}, {3.708`5., -12.324`5.}, {3.912`5., -10.702`5.}, 
     {4.116`5., -7.7338`5.}, {4.332`5., 2.6291`5.}, {4.536`5., 8.6212`5.}, 
     {4.74`5., 11.513`5.}, {4.944`5., 13.452`5.}, {5.148`5., 15.281`5.}, 
     {5.352`5., 17.122`5.}, {5.568`5., 19.159`5.}, {5.772`5., 20.89`5.}, 
     {5.976`5., 21.909`5.}, {6.18`5., 22.413`5.}, {6.384`5., 22.621`5.}, 
     {6.588`5., 22.72`5.}, {6.804`5., 23.026`5.}, {7.008`5., 23.333`5.}, 
     {7.212`5., 23.738`5.}, {7.428`5., 24.144`5.}, {7.62`5., 24.658`5.}, 
     {7.968`5., 25.885`5.}, {10.584`5., 38.308`5.}, {13.284`5., 47.586`5.}, 
     {15.984`5., 50.336`5.}, {18.588`5., 49.722`5.}, {21.288`5., 46.261`5.}}
 
Vdiskplot = {{0.612`5., 148.03`5.}, {0.828`5., 161.42`5.}, 
     {1.032`5., 172.98`5.}, {1.236`5., 183.33`5.}, {1.44`5., 185.35`5.}, 
     {1.656`5., 187.69`5.}, {1.86`5., 190.47`5.}, {2.052`5., 195.46`5.}, 
     {2.268`5., 198.92`5.}, {2.472`5., 204.46`5.}, {2.676`5., 208.13`5.}, 
     {2.892`5., 209.44`5.}, {3.096`5., 207.72`5.}, {3.3`5., 207.35`5.}, 
     {3.504`5., 207.11`5.}, {3.708`5., 208.23`5.}, {3.912`5., 209.06`5.}, 
     {4.116`5., 210.68`5.}, {4.332`5., 211.06`5.}, {4.536`5., 212.5`5.}, 
     {4.74`5., 213.17`5.}, {4.944`5., 213.94`5.}, {5.148`5., 213.03`5.}, 
     {5.352`5., 211.78`5.}, {5.568`5., 209.01`5.}, {5.772`5., 206.08`5.}, 
     {5.976`5., 202.86`5.}, {6.18`5., 200.12`5.}, {6.384`5., 197.32`5.}, 
     {6.588`5., 194.75`5.}, {6.804`5., 192.19`5.}, {7.008`5., 189.97`5.}, 
     {7.212`5., 187.84`5.}, {7.428`5., 185.86`5.}, {7.62`5., 184.1`5.}, 
     {7.968`5., 180.69`5.}, {10.584`5., 158.62`5.}, {13.284`5., 142.27`5.}, 
     {15.984`5., 130.15`5.}, {18.588`5., 120.53`5.}, {21.288`5., 111.5`5.}}
 
Vbulgeplot = {{0.612`5., 0}, {0.828`5., 0}, {1.032`5., 0}, {1.236`5., 0}, 
     {1.44`5., 0}, {1.656`5., 0}, {1.86`5., 0}, {2.052`5., 0}, {2.268`5., 0}, 
     {2.472`5., 0}, {2.676`5., 0}, {2.892`5., 0}, {3.096`5., 0}, {3.3`5., 0}, 
     {3.504`5., 0}, {3.708`5., 0}, {3.912`5., 0}, {4.116`5., 0}, 
     {4.332`5., 0}, {4.536`5., 0}, {4.74`5., 0}, {4.944`5., 0}, 
     {5.148`5., 0}, {5.352`5., 0}, {5.568`5., 0}, {5.772`5., 0}, 
     {5.976`5., 0}, {6.18`5., 0}, {6.384`5., 0}, {6.588`5., 0}, 
     {6.804`5., 0}, {7.008`5., 0}, {7.212`5., 0}, {7.428`5., 0}, 
     {7.62`5., 0}, {7.968`5., 0}, {10.584`5., 0}, {13.284`5., 0}, 
     {15.984`5., 0}, {18.588`5., 0}, {21.288`5., 0}}
 
VmodelVec = {148.68`5., 162.32`5., 174.08`5., 184.63`5., 187.05`5., 
     189.85`5., 193.07`5., 198.4`5., 202.32`5., 208.2`5., 212.28`5., 
     214.16`5., 213.16`5., 213.45`5., 213.9`5., 215.66`5., 217.22`5., 
     219.53`5., 220.79`5., 222.96`5., 224.42`5., 225.94`5., 225.99`5., 
     225.78`5., 224.35`5., 222.76`5., 220.92`5., 219.47`5., 217.98`5., 
     216.68`5., 215.48`5., 214.54`5., 213.69`5., 213.02`5., 212.45`5., 
     211.29`5., 206.16`5., 205.07`5., 204.71`5., 203.94`5., 201.85`5.}
 
