bulge = False
 
best = {16.532`5., {a0 -> 3.1537`5.*^-13, YD -> 0.45199`5., df2 -> 0.8`5.}}
 
Chi2red = 0.75148`5.
 
VobsExp = {{{0.728`5., 33.1`5.}, EB[3.9]}, {{1.088`5., 46.7`5.}, EB[2.7]}, 
     {{1.456`5., 53.9`5.}, EB[4.7]}, {{1.816`5., 58.8`5.}, EB[2.5]}, 
     {{2.176`5., 65.6`5.}, EB[2.6]}, {{2.536`5., 70.8`5.}, EB[2.7]}, 
     {{2.904`5., 82.1`5.}, EB[4.9]}, {{3.264`5., 84.1`5.}, EB[6.6]}, 
     {{3.632`5., 83.4`5.}, EB[6.2]}, {{3.992`5., 81.5`5.}, EB[2.7]}, 
     {{4.36`5., 80.8`5.}, EB[4.]}, {{4.72`5., 82.8`5.}, EB[12.4]}, 
     {{5.088`5., 88.2`5.}, EB[11.7]}, {{5.448`5., 88.5`5.}, EB[8.5]}, 
     {{5.808`5., 88.4`5.}, EB[8.9]}, {{6.168`5., 88.2`5.}, EB[10.8]}, 
     {{6.536`5., 89.5`5.}, EB[3.1]}, {{6.896`5., 89.7`5.}, EB[9.5]}, 
     {{7.256`5., 93.7`5.}, EB[7.3]}, {{7.624`5., 97.`5.}, EB[5.7]}, 
     {{7.968`5., 96.2`5.}, EB[1.5]}, {{8.36`5., 94.8`5.}, EB[2.1]}, 
     {{8.744`5., 92.5`5.}, EB[13.9]}, {{9.056`5., 92.8`5.}, EB[10.6]}, 
     {{9.44`5., 93.5`5.}, EB[12.1]}}
 
Vgasplot = {{0.728`5., 1.8619`5.*^-17}, {1.088`5., 0.}, 
     {1.456`5., 5.9581`5.*^-16}, {1.816`5., 2.5581`5.}, 
     {2.176`5., 6.6188`5.}, {2.536`5., 7.4953`5.}, {2.904`5., 7.5311`5.}, 
     {3.264`5., 8.2198`5.}, {3.632`5., 10.733`5.}, {3.992`5., 11.61`5.}, 
     {4.36`5., 12.137`5.}, {4.72`5., 13.81`5.}, {5.088`5., 18.032`5.}, 
     {5.448`5., 21.645`5.}, {5.808`5., 24.194`5.}, {6.168`5., 25.25`5.}, 
     {6.536`5., 24.901`5.}, {6.896`5., 24.105`5.}, {7.256`5., 23.667`5.}, 
     {7.624`5., 23.488`5.}, {7.968`5., 22.522`5.}, {8.36`5., 21.556`5.}, 
     {8.744`5., 20.59`5.}, {9.056`5., 19.704`5.}, {9.44`5., 19.445`5.}}
 
Vdiskplot = {{0.728`5., 18.954`5.}, {1.088`5., 22.55`5.}, 
     {1.456`5., 25.28`5.}, {1.816`5., 27.757`5.}, {2.176`5., 29.086`5.}, 
     {2.536`5., 29.934`5.}, {2.904`5., 30.355`5.}, {3.264`5., 30.457`5.}, 
     {3.632`5., 30.301`5.}, {3.992`5., 29.97`5.}, {4.36`5., 29.495`5.}, 
     {4.72`5., 28.936`5.}, {5.088`5., 28.304`5.}, {5.448`5., 27.649`5.}, 
     {5.808`5., 26.976`5.}, {6.168`5., 26.296`5.}, {6.536`5., 25.611`5.}, 
     {6.896`5., 24.955`5.}, {7.256`5., 24.324`5.}, {7.624`5., 23.698`5.}, 
     {7.968`5., 23.151`5.}, {8.36`5., 22.55`5.}, {8.744`5., 22.021`5.}, 
     {9.056`5., 21.63`5.}, {9.44`5., 21.161`5.}}
 
Vbulgeplot = {{0.728`5., 0}, {1.088`5., 0}, {1.456`5., 0}, {1.816`5., 0}, 
     {2.176`5., 0}, {2.536`5., 0}, {2.904`5., 0}, {3.264`5., 0}, 
     {3.632`5., 0}, {3.992`5., 0}, {4.36`5., 0}, {4.72`5., 0}, {5.088`5., 0}, 
     {5.448`5., 0}, {5.808`5., 0}, {6.168`5., 0}, {6.536`5., 0}, 
     {6.896`5., 0}, {7.256`5., 0}, {7.624`5., 0}, {7.968`5., 0}, 
     {8.36`5., 0}, {8.744`5., 0}, {9.056`5., 0}, {9.44`5., 0}}
 
VmodelVec = {40.195`5., 48.459`5., 55.166`5., 61.209`5., 66.231`5., 
     69.962`5., 72.823`5., 75.276`5., 78.024`5., 79.856`5., 81.297`5., 
     83.127`5., 86.661`5., 90.179`5., 93.085`5., 94.769`5., 95.152`5., 
     95.018`5., 95.157`5., 95.511`5., 94.995`5., 94.469`5., 93.901`5., 
     93.312`5., 93.433`5.}
 
Chi2 = 0.006830134553650708*(-93.5 + 0.8408964152537145*
         Sqrt[Abs[Sqrt[1 + Sqrt[1 + (5.303051534214504*^35*a0^2*df2^2)/
                 (472.6275999999999*Sqrt[df2]*Sqrt[Abs[df2]] + 
                   1238.3360999999998*Sqrt[df2*YD]*Sqrt[Abs[df2*YD]])^2]]*
            (472.6275999999999*Sqrt[df2]*Sqrt[Abs[df2]] + 1238.3360999999998*
              Sqrt[df2*YD]*Sqrt[Abs[df2*YD]])]]*
         Sign[Sqrt[1 + Sqrt[1 + (5.303051534214504*^35*a0^2*df2^2)/
                (472.6275999999999*Sqrt[df2]*Sqrt[Abs[df2]] + 
                  1238.3360999999998*Sqrt[df2*YD]*Sqrt[Abs[df2*YD]])^2]]*
           (472.6275999999999*Sqrt[df2]*Sqrt[Abs[df2]] + 1238.3360999999998*
             Sqrt[df2*YD]*Sqrt[Abs[df2*YD]])])^2 + 
     0.0088999644001424*(-92.8 + 0.8408964152537145*
         Sqrt[Abs[Sqrt[1 + Sqrt[1 + (4.8803917761988554*^35*a0^2*df2^2)/
                 (485.32090000000005*Sqrt[df2]*Sqrt[Abs[df2]] + 1293.8409*
                    Sqrt[df2*YD]*Sqrt[Abs[df2*YD]])^2]]*
            (485.32090000000005*Sqrt[df2]*Sqrt[Abs[df2]] + 
             1293.8409*Sqrt[df2*YD]*Sqrt[Abs[df2*YD]])]]*
         Sign[Sqrt[1 + Sqrt[1 + (4.8803917761988554*^35*a0^2*df2^2)/
                (485.32090000000005*Sqrt[df2]*Sqrt[Abs[df2]] + 1293.8409*
                   Sqrt[df2*YD]*Sqrt[Abs[df2*YD]])^2]]*
           (485.32090000000005*Sqrt[df2]*Sqrt[Abs[df2]] + 
            1293.8409*Sqrt[df2*YD]*Sqrt[Abs[df2*YD]])])^2 + 
     0.005175715542673774*(-92.5 + 0.8408964152537145*
         Sqrt[Abs[Sqrt[1 + Sqrt[1 + (4.549903197570973*^35*a0^2*df2^2)/
                 (529.9204000000002*Sqrt[df2]*Sqrt[Abs[df2]] + 
                   1341.0244000000002*Sqrt[df2*YD]*Sqrt[Abs[df2*YD]])^2]]*
            (529.9204000000002*Sqrt[df2]*Sqrt[Abs[df2]] + 1341.0244000000002*
              Sqrt[df2*YD]*Sqrt[Abs[df2*YD]])]]*
         Sign[Sqrt[1 + Sqrt[1 + (4.549903197570973*^35*a0^2*df2^2)/
                (529.9204000000002*Sqrt[df2]*Sqrt[Abs[df2]] + 
                  1341.0244000000002*Sqrt[df2*YD]*Sqrt[Abs[df2*YD]])^2]]*
           (529.9204000000002*Sqrt[df2]*Sqrt[Abs[df2]] + 1341.0244000000002*
             Sqrt[df2*YD]*Sqrt[Abs[df2*YD]])])^2 + 
     0.22675736961451246*(-94.8 + 0.8408964152537145*
         Sqrt[Abs[Sqrt[1 + Sqrt[1 + (4.15905260819491*^35*a0^2*df2^2)/
                 (580.8100000000003*Sqrt[df2]*Sqrt[Abs[df2]] + 1406.25*
                    Sqrt[df2*YD]*Sqrt[Abs[df2*YD]])^2]]*
            (580.8100000000003*Sqrt[df2]*Sqrt[Abs[df2]] + 
             1406.25*Sqrt[df2*YD]*Sqrt[Abs[df2*YD]])]]*
         Sign[Sqrt[1 + Sqrt[1 + (4.15905260819491*^35*a0^2*df2^2)/
                (580.8100000000003*Sqrt[df2]*Sqrt[Abs[df2]] + 1406.25*
                   Sqrt[df2*YD]*Sqrt[Abs[df2*YD]])^2]]*
           (580.8100000000003*Sqrt[df2]*Sqrt[Abs[df2]] + 1406.25*Sqrt[df2*YD]*
             Sqrt[Abs[df2*YD]])])^2 + 0.4444444444444444*
      (-96.2 + 0.8408964152537145*
         Sqrt[Abs[Sqrt[1 + Sqrt[1 + (3.7781614268639295*^35*a0^2*df2^2)/
                 (634.0323999999999*Sqrt[df2]*Sqrt[Abs[df2]] + 1482.25*
                    Sqrt[df2*YD]*Sqrt[Abs[df2*YD]])^2]]*
            (634.0323999999999*Sqrt[df2]*Sqrt[Abs[df2]] + 
             1482.25*Sqrt[df2*YD]*Sqrt[Abs[df2*YD]])]]*
         Sign[Sqrt[1 + Sqrt[1 + (3.7781614268639295*^35*a0^2*df2^2)/
                (634.0323999999999*Sqrt[df2]*Sqrt[Abs[df2]] + 1482.25*
                   Sqrt[df2*YD]*Sqrt[Abs[df2*YD]])^2]]*
           (634.0323999999999*Sqrt[df2]*Sqrt[Abs[df2]] + 1482.25*Sqrt[df2*YD]*
             Sqrt[Abs[df2*YD]])])^2 + 0.03077870113881194*
      (-97. + 0.8408964152537145*
         Sqrt[Abs[Sqrt[1 + Sqrt[1 + (3.458976681152987*^35*a0^2*df2^2)/
                 (689.5876000000001*Sqrt[df2]*Sqrt[Abs[df2]] + 
                   1553.1480999999992*Sqrt[df2*YD]*Sqrt[Abs[df2*YD]])^2]]*
            (689.5876000000001*Sqrt[df2]*Sqrt[Abs[df2]] + 1553.1480999999992*
              Sqrt[df2*YD]*Sqrt[Abs[df2*YD]])]]*
         Sign[Sqrt[1 + Sqrt[1 + (3.458976681152987*^35*a0^2*df2^2)/
                (689.5876000000001*Sqrt[df2]*Sqrt[Abs[df2]] + 
                  1553.1480999999992*Sqrt[df2*YD]*Sqrt[Abs[df2*YD]])^2]]*
           (689.5876000000001*Sqrt[df2]*Sqrt[Abs[df2]] + 1553.1480999999992*
             Sqrt[df2*YD]*Sqrt[Abs[df2*YD]])])^2 + 
     0.01876524676299493*(-93.7 + 0.8408964152537145*
         Sqrt[Abs[Sqrt[1 + Sqrt[1 + (3.1331155139112525*^35*a0^2*df2^2)/
                 (700.1316*Sqrt[df2]*Sqrt[Abs[df2]] + 1636.2025000000003*
                    Sqrt[df2*YD]*Sqrt[Abs[df2*YD]])^2]]*
            (700.1316*Sqrt[df2]*Sqrt[Abs[df2]] + 1636.2025000000003*
              Sqrt[df2*YD]*Sqrt[Abs[df2*YD]])]]*
         Sign[Sqrt[1 + Sqrt[1 + (3.1331155139112525*^35*a0^2*df2^2)/
                (700.1316*Sqrt[df2]*Sqrt[Abs[df2]] + 1636.2025000000003*
                   Sqrt[df2*YD]*Sqrt[Abs[df2*YD]])^2]]*
           (700.1316*Sqrt[df2]*Sqrt[Abs[df2]] + 1636.2025000000003*
             Sqrt[df2*YD]*Sqrt[Abs[df2*YD]])])^2 + 0.011080332409972297*
      (-89.7 + 0.8408964152537145*
